 0.000961 
 0.000992 
 0.000998 
 0.001004 
 0.000988 
 0.000955 
 0.000948 
 0.000942 
 0.000946 
 0.001072 
 0.000946 
 0.000954 
 0.000951 
 0.000946 
 0.000950 
 0.001323 
 0.001375 
 0.001310 
 0.001314 
 0.001315 
 0.001321 
 0.001308 
 0.001321 
 0.001318 
 0.001337 
 0.001316 
 0.001314 
 0.001320 
 0.001319 
 0.001356 
 0.001751 
 0.001735 
 0.001746 
 0.001731 
 0.001754 
 0.001738 
 0.001759 
 0.001734 
 0.001738 
 0.001795 
 0.001783 
 0.001849 
 0.001737 
 0.001743 
 0.001737 
 0.002271 
 0.002287 
 0.002267 
 0.002298 
 0.002267 
 0.002263 
 0.002264 
 0.002257 
 0.002285 
 0.002268 
 0.002264 
 0.002293 
 0.002260 
 0.002292 
 0.002294 
 0.002783 
 0.002780 
 0.002815 
 0.002788 
 0.002793 
 0.002787 
 0.002780 
 0.002780 
 0.002773 
 0.002828 
 0.002772 
 0.002772 
 0.002774 
 0.002699 
 0.002781 
 0.003368 
 0.003384 
 0.003383 
 0.003404 
 0.003381 
 0.003405 
 0.003413 
 0.003407 
 0.003404 
 0.003400 
 0.003401 
 0.003418 
 0.003387 
 0.003377 
 0.003371 
