 0.056126 
 0.045010 
 0.044544 
 0.043320 
 0.043913 
 0.044412 
 0.043946 
 0.044328 
 0.043943 
 0.044173 
 0.044275 
 0.044074 
 0.043979 
 0.043938 
 0.043918 
 0.053519 
 0.053228 
 0.053323 
 0.053330 
 0.053314 
 0.053266 
 0.052972 
 0.053070 
 0.053290 
 0.053762 
 0.053700 
 0.053205 
 0.053159 
 0.053090 
 0.053227 
 0.057038 
 0.056937 
 0.056623 
 0.057703 
 0.057167 
 0.057390 
 0.057312 
 0.057375 
 0.057339 
 0.057229 
 0.057309 
 0.057083 
 0.057727 
 0.057234 
 0.057018 
 0.061267 
 0.061713 
 0.061601 
 0.061102 
 0.061676 
 0.061204 
 0.061955 
 0.061746 
 0.061024 
 0.061491 
 0.061691 
 0.061592 
 0.061601 
 0.061330 
 0.061663 
 0.066916 
 0.066182 
 0.067923 
 0.066909 
 0.066640 
 0.066792 
 0.066198 
 0.066339 
 0.066881 
 0.066168 
 0.066956 
 0.066715 
 0.066854 
 0.066884 
 0.066436 
 0.046815 
 0.046759 
 0.046388 
 0.047035 
 0.047169 
 0.046646 
 0.046981 
 0.047097 
 0.046741 
 0.046696 
 0.046501 
 0.046771 
 0.046821 
 0.046668 
 0.046732 
